5446
5647
5627
5214
4144
5175
4369
5544
4859
5009
5795
5148
5436
5501
5048
5197
5213
4287
5514
4679
4682
4422
4516
5783
5307
5592
5353
4939
5480
4759
6000
4639
4594
4095
4878
4209
5698
5304
5587
4683
4637
4675
5553
4272
4251
5805
5990
4485
4570
4613
4289
5870
4454
5585
5242
4740
4465
5091
4193
5012
5638
5191
5777
5961
5245
5909
5598
4116
5506
4302
4088
5803
4826
4431
4307
5853
5234
4101
5812
4864
5582
5669
5654
4377
5432
4899
4189
5947
5247
5228
5291
5171
5072
4102
4582
5555
4428
5280
5398
5004
5862
5763
5579
4275
4100
5896
5196
5171
1
5
9
7
5
8
6
5
5
4
1
4
1
9
5
2
8